1213771125169115137 1359777586742775817
1213771125169115137 2389510146
1213771125169115137 1346466273962516480
1213771125169115137 1490297963691794433
1213771125169115137 1345772300235378690
1359777586742775817 1467956899035426828
1359777586742775817 158478342
2389510146 2349746582
2389510146 1065967543721046017
2389510146 1507256014856650759
2389510146 1029256012652597248
1346466273962516480 923917290218893319
1346466273962516480 1506754399066071046
1346466273962516480 1346466273962516480
1346466273962516480 1249428545597657089
1346466273962516480 64795377
1346466273962516480 1456344611622957058
1346466273962516480 3729080294
1346466273962516480 1119197947466604545
1346466273962516480 1081324266736488449
1346466273962516480 1465095189412855813
1346466273962516480 795662624
1345772300235378690 1029256012652597248
1345772300235378690 2349746582
1345772300235378690 726797105952641025
1345772300235378690 1423285854391308297
1467956899035426828 1467956899035426828
1467956899035426828 1359777586742775817
1467956899035426828 1038441192369868800
158478342 1296452454180171784
158478342 1421922007936114689
158478342 1346466273962516480
2349746582 811539294921728000
1507256014856650759 1474309160397590529
1507256014856650759 1378730986893025284
